start=4.170833
sub-delay=0.000000
