start=275.000000
sid=2
sub-delay=0.300000
sub-ass-override=force
