start=1324.042000
sid=4
ab-loop-a=175.292000
